,num_circles,experiment_number,LH,mae_all,rms_all,std_all,mae_experiment,rms_experiment,std_experiment,eccentricity
0,2,1,LHA,33.89162869751206,39.98535604571565,21.217591812753536,38.03455176117103,43.06764894785745,20.20384265981818,0.27115025165772483
1,2,1,LHA,18.002428952060995,21.770234513423578,12.241554745842347,20.121606459707376,25.11816828051039,15.034737485194102,0.26565114159784736
2,2,1,LHA,23.994131818088903,28.92053773126403,16.145561029634123,27.325730104645455,34.305311967847814,20.740272502053475,0.29636590773915417
3,2,1,LHA,29.227993097177684,35.20370845985011,19.622066884950115,34.84343395306376,43.489017428227,26.023638239706518,0.3481789946798667
4,2,1,LHA,6.358227518076993,7.800794044063911,4.519439184928976,6.9230813354346,8.138984290457737,4.279487130869179,0.21995232335043213
5,2,1,LHA,18.17262192595264,21.084512874800808,10.69170217991627,21.1325316139686,24.87197500335892,13.116068319139265,0.33275152928629925
6,2,1,LHA,13.273015497305977,15.807611085285565,8.585314661205985,15.786511704383088,19.3371636530355,11.16745030665698,0.30547390613721076
7,2,1,LHA,16.872558010722674,20.228409382576505,11.158195746800075,20.14989456811405,24.957359038172633,14.725879228560348,0.3141148612702518
8,2,1,LHA,11.723526952877382,13.764936067732762,7.21334740144462,13.76308126908508,16.490685571798508,9.084068725438117,0.30395722010382487
9,2,1,LHA,15.923610242570224,18.494118626082308,9.405905623506825,18.539580662691026,21.86705717271122,11.59534985441122,0.3099689354460737
10,2,1,LHA,15.630254923822482,18.792570018295685,10.433399202027536,18.653318688330888,23.209693368568875,13.81099446725527,0.27339673471262793
11,2,1,LHA,20.679666039245888,23.450842173577687,11.058635139804107,23.13275643435408,26.246254824291285,12.39925288275401,0.3536714466882561
12,2,1,LHA,25.899396375154424,30.28104949147187,15.689589724005101,29.376118673562743,33.3012661473817,15.684960270766032,0.25260352469886044
13,2,1,LHA,8.138963624221526,9.428396656545262,4.75940486161376,9.420124675386965,10.8853503269301,5.454548820953284,0.26005507482258927
14,2,1,LHA,9.299497325024623,10.642712258119511,5.175584383524936,10.697883435576294,12.265283854847977,5.999373137154981,0.27765554542296567
15,2,1,LHA,11.36929263631161,12.700641347593013,5.660872334728973,12.579294827062638,13.942102375967165,6.011951456539246,0.3032337794161779
16,2,1,LHA,8.365329438563906,9.376733764617471,4.236083034692946,9.336381886511374,10.371995073608952,4.517771029632939,0.281656733746582
17,2,1,LHA,26.9328441421313,32.336255969994674,17.895679829855027,32.16197636644144,39.92799784153837,23.66119793751691,0.3588639112220243
18,2,1,LHA,5.603764420258262,6.470478412008391,3.234952117499457,6.194001498040404,7.064695097923999,3.3976848395495147,0.2079867082125572
19,2,1,LHA,17.999485436601795,21.564100539783624,11.875561296522212,20.08533540258476,23.01312764620687,11.23313606373065,0.2647536604040797
20,2,1,LHA,4.10316144075065,5.018960880907972,2.8903346718367375,4.230668729301793,4.99659242240975,2.658454050494477,0.14082497827092122
21,2,1,LHA,4.808515877252348,5.9722370568823075,3.5420037439012284,5.038084740956936,6.029798858114472,3.313031302637433,0.15126378359484585
22,2,1,LHA,7.683407220170711,8.644994109033682,3.9624710262985716,8.486583740674092,9.52086295621157,4.315637594085938,0.247995308148028
23,2,1,LHA,4.876688950602237,5.654276463886051,2.86159871560109,5.251277061869286,5.998355180684889,2.899026404352801,0.20214819478507146
24,2,1,LHA,17.248515580928416,20.51490269010467,11.106301933539067,19.142476087904143,21.51401255341729,9.819284361531395,0.29350387073145173
25,2,1,LHA,26.951705956253893,32.12110980850314,17.474874574014688,30.25579670494524,35.38939449112112,18.35745102668719,0.34291384881334275
26,2,1,LHA,9.586692472821165,11.709594094386015,6.723832336311922,10.552573011923846,12.04839647819711,5.814383933302738,0.2313819546930032
27,2,1,LHA,15.249460847382666,18.03147914020127,9.622275398659953,17.2644251035224,19.712773428101592,9.514886340494762,0.31970247542408525
28,2,1,LHA,13.979944016141339,16.212574594566227,8.210282595010247,16.389625281326754,19.203004602114895,10.006776148517604,0.3730970818649154
29,2,1,LHA,10.339838497296949,12.119313865906099,6.32182793424179,12.074747424154161,14.140007214905483,7.358007792905738,0.3226760459620691
30,2,1,LHA,41.11296434482694,48.97300303585552,26.609757404585668,46.591021726265446,55.569013990633074,30.28517806442345,0.42907426179826347
31,2,1,LHA,6.411730513911472,7.860277856728155,4.546831842277379,6.746063608468959,8.565868133565154,5.278704639598405,0.11387138227354728
32,2,1,LHA,8.019072967815443,9.740665257888036,5.529469088717165,8.888076835262375,10.30689105930723,5.2186294636522765,0.21880783958350636
33,2,1,LHA,7.440145388396568,8.908903895207985,4.900286237922566,8.72968118733845,10.644809513660292,6.091357480031999,0.17195698063250175
34,2,1,LHA,4.440769824612744,5.224035487682761,2.7513833141490425,4.702477497129287,5.442561068487698,2.7401051755745836,0.18472766667128554
35,2,1,LHA,57.97408482202719,66.9547995346224,33.49553208668091,65.91774384381414,76.02254692307523,37.87187197924704,0.5610334137813546
36,2,1,LHA,26.713338612696358,32.10965677988047,17.81649793548522,31.891872225461753,39.667246785869416,23.588110427202274,0.41615325899724487
37,2,1,LHA,24.719873653546493,29.850197940178727,16.73206991440534,29.2762642067007,36.82514884092245,22.338127523486556,0.39746133543700124
38,2,1,LHA,19.09160467334683,22.497125352084844,11.900894088431354,22.57684120395704,27.273490850814436,15.301292247413821,0.3941897014817811
39,2,1,LHA,5.245605129285226,5.996168777394205,2.9047662271882815,5.667093527837755,6.401695959699726,2.977542964790805,0.21517377333013804
40,2,1,LHA,9.692890999240161,11.77541328915814,6.686420732150433,11.249416522110105,14.383769914128697,8.963451615012492,0.19737112106882
41,2,1,LHA,6.7496437737421555,7.769740303533706,3.8485287204254846,7.574793237523745,8.764721582218572,4.409404928397088,0.22133843335764175
42,2,1,LHA,19.62593354140003,23.728780374790354,13.337081791141008,22.7827617649885,28.919021939034547,17.811670226852378,0.35254900382460647
43,2,1,LHA,9.719984019878076,10.921348799115552,4.979735961399717,10.812091665183816,12.122039310485357,5.481104894874292,0.28842525929278784
44,2,1,LHA,8.198273276956398,10.076209602984477,5.858183612658377,8.981359359887247,10.317084624825435,5.077146758207324,0.28934483042611747
45,3,1,LHA,18.002428952060995,21.770234513423578,12.241554745842347,20.121606459707376,25.11816828051039,15.034737485194102,0.2401734708013751
46,3,1,LHA,23.994131818088903,28.92053773126403,16.145561029634123,27.325730104645455,34.305311967847814,20.740272502053475,0.27857356232597835
47,3,1,LHA,33.89162869751206,39.98535604571565,21.217591812753536,38.03455176117103,43.06764894785745,20.20384265981818,0.3145308919262298
48,3,1,LHA,25.899396375154424,30.28104949147187,15.689589724005101,29.376118673562743,33.3012661473817,15.684960270766032,0.2099519174096894
49,3,1,LHA,8.138963624221526,9.428396656545262,4.75940486161376,9.420124675386965,10.8853503269301,5.454548820953284,0.2553056935388718
50,3,1,LHA,9.299497325024623,10.642712258119511,5.175584383524936,10.697883435576294,12.265283854847977,5.999373137154981,0.2721896588766764
51,3,1,LHA,11.36929263631161,12.700641347593013,5.660872334728973,12.579294827062638,13.942102375967165,6.011951456539246,0.3035572791953619
52,3,1,LHA,8.365329438563906,9.376733764617471,4.236083034692946,9.336381886511374,10.371995073608952,4.517771029632939,0.2793231084326881
53,3,1,LHA,18.002428952060995,21.770234513423578,12.241554745842347,20.121606459707376,25.11816828051039,15.034737485194102,0.25376928747431093
54,3,1,LHA,5.603764420258262,6.470478412008391,3.234952117499457,6.194001498040404,7.064695097923999,3.3976848395495147,0.222535805029325
55,3,1,LHA,6.358227518076993,7.800794044063911,4.519439184928976,6.9230813354346,8.138984290457737,4.279487130869179,0.19987375131648533
56,3,1,LHA,4.10316144075065,5.018960880907972,2.8903346718367375,4.230668729301793,4.99659242240975,2.658454050494477,0.17561959774503696
57,3,1,LHA,4.808515877252348,5.9722370568823075,3.5420037439012284,5.038084740956936,6.029798858114472,3.313031302637433,0.1788304382337563
58,3,1,LHA,7.683407220170711,8.644994109033682,3.9624710262985716,8.486583740674092,9.52086295621157,4.315637594085938,0.2605406475332546
59,3,1,LHA,4.876688950602237,5.654276463886051,2.86159871560109,5.251277061869286,5.998355180684889,2.899026404352801,0.22007250387896526
60,3,1,LHA,17.248515580928416,20.51490269010467,11.106301933539067,19.142476087904143,21.51401255341729,9.819284361531395,0.25461682071746866
61,3,1,LHA,6.358227518076993,7.800794044063911,4.519439184928976,6.9230813354346,8.138984290457737,4.279487130869179,0.23379725414077826
62,3,1,LHA,9.586692472821165,11.709594094386015,6.723832336311922,10.552573011923846,12.04839647819711,5.814383933302738,0.22166037487762627
63,3,1,LHA,15.249460847382666,18.03147914020127,9.622275398659953,17.2644251035224,19.712773428101592,9.514886340494762,0.25909434956124805
64,3,1,LHA,16.872558010722674,20.228409382576505,11.158195746800075,20.14989456811405,24.957359038172633,14.725879228560348,0.30583994514794227
65,3,1,LHA,10.339838497296949,12.119313865906099,6.32182793424179,12.074747424154161,14.140007214905483,7.358007792905738,0.288669334475163
66,3,1,LHA,6.358227518076993,7.800794044063911,4.519439184928976,6.9230813354346,8.138984290457737,4.279487130869179,0.21333090316244663
67,3,1,LHA,6.411730513911472,7.860277856728155,4.546831842277379,6.746063608468959,8.565868133565154,5.278704639598405,0.1572982832309503
68,3,1,LHA,8.019072967815443,9.740665257888036,5.529469088717165,8.888076835262375,10.30689105930723,5.2186294636522765,0.21441282715114648
69,3,1,LHA,7.440145388396568,8.908903895207985,4.900286237922566,8.72968118733845,10.644809513660292,6.091357480031999,0.20878404151793606
70,3,1,LHA,4.440769824612744,5.224035487682761,2.7513833141490425,4.702477497129287,5.442561068487698,2.7401051755745836,0.20807402322703916
71,3,1,LHA,6.358227518076993,7.800794044063911,4.519439184928976,6.9230813354346,8.138984290457737,4.279487130869179,0.21596893913136697
72,3,1,LHA,6.358227518076993,7.800794044063911,4.519439184928976,6.9230813354346,8.138984290457737,4.279487130869179,0.2092778039656998
73,3,1,LHA,6.358227518076993,7.800794044063911,4.519439184928976,6.9230813354346,8.138984290457737,4.279487130869179,0.23756069217501496
74,3,1,LHA,6.358227518076993,7.800794044063911,4.519439184928976,6.9230813354346,8.138984290457737,4.279487130869179,0.2314955681798004
75,3,1,LHA,5.245605129285226,5.996168777394205,2.9047662271882815,5.667093527837755,6.401695959699726,2.977542964790805,0.23197823957827757
76,3,1,LHA,9.692890999240161,11.77541328915814,6.686420732150433,11.249416522110105,14.383769914128697,8.963451615012492,0.2241718441461191
77,3,1,LHA,6.7496437737421555,7.769740303533706,3.8485287204254846,7.574793237523745,8.764721582218572,4.409404928397088,0.24142680079035714
78,3,1,LHA,13.273015497305977,15.807611085285565,8.585314661205985,15.786511704383088,19.3371636530355,11.16745030665698,0.29355304943205107
79,3,1,LHA,9.719984019878076,10.921348799115552,4.979735961399717,10.812091665183816,12.122039310485357,5.481104894874292,0.29128785131326523
80,3,1,LHA,8.198273276956398,10.076209602984477,5.858183612658377,8.981359359887247,10.317084624825435,5.077146758207324,0.26175753747316177
81,3,1,LHA,15.630254923822482,18.792570018295685,10.433399202027536,18.653318688330888,23.209693368568875,13.81099446725527,0.27559521328383846
82,3,1,LHA,5.603764420258262,6.470478412008391,3.234952117499457,6.194001498040404,7.064695097923999,3.3976848395495147,0.22238829328434173
83,3,1,LHA,17.999485436601795,21.564100539783624,11.875561296522212,20.08533540258476,23.01312764620687,11.23313606373065,0.21793273161113813
84,3,1,LHA,4.10316144075065,5.018960880907972,2.8903346718367375,4.230668729301793,4.99659242240975,2.658454050494477,0.1675475271938878
85,3,1,LHA,4.808515877252348,5.9722370568823075,3.5420037439012284,5.038084740956936,6.029798858114472,3.313031302637433,0.17374448706418008
86,3,1,LHA,7.683407220170711,8.644994109033682,3.9624710262985716,8.486583740674092,9.52086295621157,4.315637594085938,0.2580821919991803
87,3,1,LHA,4.876688950602237,5.654276463886051,2.86159871560109,5.251277061869286,5.998355180684889,2.899026404352801,0.21813473653872517
88,3,1,LHA,17.248515580928416,20.51490269010467,11.106301933539067,19.142476087904143,21.51401255341729,9.819284361531395,0.24112881730446223
89,3,1,LHA,25.899396375154424,30.28104949147187,15.689589724005101,29.376118673562743,33.3012661473817,15.684960270766032,0.29903167253500396
90,3,1,LHA,9.586692472821165,11.709594094386015,6.723832336311922,10.552573011923846,12.04839647819711,5.814383933302738,0.20394165449078663
91,3,1,LHA,15.249460847382666,18.03147914020127,9.622275398659953,17.2644251035224,19.712773428101592,9.514886340494762,0.28020261840895405
92,3,1,LHA,15.630254923822482,18.792570018295685,10.433399202027536,18.653318688330888,23.209693368568875,13.81099446725527,0.28139835225776383
93,3,1,LHA,8.365329438563906,9.376733764617471,4.236083034692946,9.336381886511374,10.371995073608952,4.517771029632939,0.2967492180783677
94,3,1,LHA,25.899396375154424,30.28104949147187,15.689589724005101,29.376118673562743,33.3012661473817,15.684960270766032,0.29093394653212773
95,3,1,LHA,6.411730513911472,7.860277856728155,4.546831842277379,6.746063608468959,8.565868133565154,5.278704639598405,0.14068082640267546
96,3,1,LHA,8.019072967815443,9.740665257888036,5.529469088717165,8.888076835262375,10.30689105930723,5.2186294636522765,0.21244944712344585
97,3,1,LHA,7.440145388396568,8.908903895207985,4.900286237922566,8.72968118733845,10.644809513660292,6.091357480031999,0.20037213132001108
98,3,1,LHA,4.440769824612744,5.224035487682761,2.7513833141490425,4.702477497129287,5.442561068487698,2.7401051755745836,0.20504263607550147
99,3,1,LHA,8.138963624221526,9.428396656545262,4.75940486161376,9.420124675386965,10.8853503269301,5.454548820953284,0.2628167256322239
100,3,1,LHA,9.299497325024623,10.642712258119511,5.175584383524936,10.697883435576294,12.265283854847977,5.999373137154981,0.2829408973278639
101,3,1,LHA,11.36929263631161,12.700641347593013,5.660872334728973,12.579294827062638,13.942102375967165,6.011951456539246,0.3202404510607172
102,3,1,LHA,8.365329438563906,9.376733764617471,4.236083034692946,9.336381886511374,10.371995073608952,4.517771029632939,0.29165169444617217
103,3,1,LHA,5.245605129285226,5.996168777394205,2.9047662271882815,5.667093527837755,6.401695959699726,2.977542964790805,0.22966417926784943
104,3,1,LHA,9.692890999240161,11.77541328915814,6.686420732150433,11.249416522110105,14.383769914128697,8.963451615012492,0.20944275563838485
105,3,1,LHA,6.7496437737421555,7.769740303533706,3.8485287204254846,7.574793237523745,8.764721582218572,4.409404928397088,0.236752463129932
106,3,1,LHA,9.299497325024623,10.642712258119511,5.175584383524936,10.697883435576294,12.265283854847977,5.999373137154981,0.2905814140012125
107,3,1,LHA,8.365329438563906,9.376733764617471,4.236083034692946,9.336381886511374,10.371995073608952,4.517771029632939,0.27824759479996825
108,3,1,LHA,8.198273276956398,10.076209602984477,5.858183612658377,8.981359359887247,10.317084624825435,5.077146758207324,0.250257005006075
109,3,1,LHA,5.603764420258262,6.470478412008391,3.234952117499457,6.194001498040404,7.064695097923999,3.3976848395495147,0.23597619406883097
110,3,1,LHA,17.999485436601795,21.564100539783624,11.875561296522212,20.08533540258476,23.01312764620687,11.23313606373065,0.26763370442303597
111,3,1,LHA,4.10316144075065,5.018960880907972,2.8903346718367375,4.230668729301793,4.99659242240975,2.658454050494477,0.17295367230553096
112,3,1,LHA,4.808515877252348,5.9722370568823075,3.5420037439012284,5.038084740956936,6.029798858114472,3.313031302637433,0.1856044151683919
113,3,1,LHA,7.683407220170711,8.644994109033682,3.9624710262985716,8.486583740674092,9.52086295621157,4.315637594085938,0.2668853701275735
114,3,1,LHA,4.876688950602237,5.654276463886051,2.86159871560109,5.251277061869286,5.998355180684889,2.899026404352801,0.22920430661751934
115,3,1,LHA,5.603764420258262,6.470478412008391,3.234952117499457,6.194001498040404,7.064695097923999,3.3976848395495147,0.2301549084197608
116,3,1,LHA,6.411730513911472,7.860277856728155,4.546831842277379,6.746063608468959,8.565868133565154,5.278704639598405,0.10993680853399351
117,3,1,LHA,4.808515877252348,5.9722370568823075,3.5420037439012284,5.038084740956936,6.029798858114472,3.313031302637433,0.1600821644619751
118,3,1,LHA,7.440145388396568,8.908903895207985,4.900286237922566,8.72968118733845,10.644809513660292,6.091357480031999,0.18847046160184355
119,3,1,LHA,4.440769824612744,5.224035487682761,2.7513833141490425,4.702477497129287,5.442561068487698,2.7401051755745836,0.18755121622102833
120,3,1,LHA,4.10316144075065,5.018960880907972,2.8903346718367375,4.230668729301793,4.99659242240975,2.658454050494477,0.18159398322253284
121,3,1,LHA,4.808515877252348,5.9722370568823075,3.5420037439012284,5.038084740956936,6.029798858114472,3.313031302637433,0.18223985832232537
122,3,1,LHA,7.683407220170711,8.644994109033682,3.9624710262985716,8.486583740674092,9.52086295621157,4.315637594085938,0.2741449014837228
123,3,1,LHA,4.876688950602237,5.654276463886051,2.86159871560109,5.251277061869286,5.998355180684889,2.899026404352801,0.22833893446778766
124,3,1,LHA,4.10316144075065,5.018960880907972,2.8903346718367375,4.230668729301793,4.99659242240975,2.658454050494477,0.12672837506539605
125,3,1,LHA,4.10316144075065,5.018960880907972,2.8903346718367375,4.230668729301793,4.99659242240975,2.658454050494477,0.15964321297124026
126,3,1,LHA,4.10316144075065,5.018960880907972,2.8903346718367375,4.230668729301793,4.99659242240975,2.658454050494477,0.14394702714113727
127,3,1,LHA,4.808515877252348,5.9722370568823075,3.5420037439012284,5.038084740956936,6.029798858114472,3.313031302637433,0.18134801841165463
128,3,1,LHA,4.808515877252348,5.9722370568823075,3.5420037439012284,5.038084740956936,6.029798858114472,3.313031302637433,0.17098097646009228
129,3,1,LHA,4.876688950602237,5.654276463886051,2.86159871560109,5.251277061869286,5.998355180684889,2.899026404352801,0.21429299479367056
130,3,1,LHA,17.248515580928416,20.51490269010467,11.106301933539067,19.142476087904143,21.51401255341729,9.819284361531395,0.26787784788791374
131,3,1,LHA,6.411730513911472,7.860277856728155,4.546831842277379,6.746063608468959,8.565868133565154,5.278704639598405,0.13355653549592664
132,3,1,LHA,8.019072967815443,9.740665257888036,5.529469088717165,8.888076835262375,10.30689105930723,5.2186294636522765,0.235092261089064
133,3,1,LHA,7.440145388396568,8.908903895207985,4.900286237922566,8.72968118733845,10.644809513660292,6.091357480031999,0.2001401552436076
134,3,1,LHA,4.440769824612744,5.224035487682761,2.7513833141490425,4.702477497129287,5.442561068487698,2.7401051755745836,0.21491709618048302
135,3,1,LHA,9.586692472821165,11.709594094386015,6.723832336311922,10.552573011923846,12.04839647819711,5.814383933302738,0.2202893760564774
136,3,1,LHA,15.249460847382666,18.03147914020127,9.622275398659953,17.2644251035224,19.712773428101592,9.514886340494762,0.2355296745403057
137,3,1,LHA,13.979944016141339,16.212574594566227,8.210282595010247,16.389625281326754,19.203004602114895,10.006776148517604,0.35145928857153313
138,3,1,LHA,10.339838497296949,12.119313865906099,6.32182793424179,12.074747424154161,14.140007214905483,7.358007792905738,0.2922076985855982
139,3,1,LHA,9.586692472821165,11.709594094386015,6.723832336311922,10.552573011923846,12.04839647819711,5.814383933302738,0.2328337592794687
140,3,1,LHA,9.692890999240161,11.77541328915814,6.686420732150433,11.249416522110105,14.383769914128697,8.963451615012492,0.1976945163276281
141,3,1,LHA,6.7496437737421555,7.769740303533706,3.8485287204254846,7.574793237523745,8.764721582218572,4.409404928397088,0.24240869229380632
142,3,1,LHA,19.62593354140003,23.728780374790354,13.337081791141008,22.7827617649885,28.919021939034547,17.811670226852378,0.3216063120484249
143,3,1,LHA,9.719984019878076,10.921348799115552,4.979735961399717,10.812091665183816,12.122039310485357,5.481104894874292,0.29897373118487786
144,3,1,LHA,8.198273276956398,10.076209602984477,5.858183612658377,8.981359359887247,10.317084624825435,5.077146758207324,0.2720979334152869
145,3,1,LHA,6.411730513911472,7.860277856728155,4.546831842277379,6.746063608468959,8.565868133565154,5.278704639598405,0.16422789115383196
146,3,1,LHA,8.019072967815443,9.740665257888036,5.529469088717165,8.888076835262375,10.30689105930723,5.2186294636522765,0.2104311336903509
147,3,1,LHA,7.440145388396568,8.908903895207985,4.900286237922566,8.72968118733845,10.644809513660292,6.091357480031999,0.22200824025299837
148,3,1,LHA,4.440769824612744,5.224035487682761,2.7513833141490425,4.702477497129287,5.442561068487698,2.7401051755745836,0.21602721623757967
149,3,1,LHA,6.411730513911472,7.860277856728155,4.546831842277379,6.746063608468959,8.565868133565154,5.278704639598405,0.12585618815054223
150,3,1,LHA,6.411730513911472,7.860277856728155,4.546831842277379,6.746063608468959,8.565868133565154,5.278704639598405,0.14219870673429214
151,3,1,LHA,6.411730513911472,7.860277856728155,4.546831842277379,6.746063608468959,8.565868133565154,5.278704639598405,0.14806711026208752
152,3,1,LHA,7.440145388396568,8.908903895207985,4.900286237922566,8.72968118733845,10.644809513660292,6.091357480031999,0.19258474824905472
153,3,1,LHA,4.440769824612744,5.224035487682761,2.7513833141490425,4.702477497129287,5.442561068487698,2.7401051755745836,0.18523827797817474
154,3,1,LHA,7.440145388396568,8.908903895207985,4.900286237922566,8.72968118733845,10.644809513660292,6.091357480031999,0.18825906507607468
155,3,1,LHA,5.245605129285226,5.996168777394205,2.9047662271882815,5.667093527837755,6.401695959699726,2.977542964790805,0.24206452829720737
156,3,1,LHA,9.692890999240161,11.77541328915814,6.686420732150433,11.249416522110105,14.383769914128697,8.963451615012492,0.2376603447357323
157,3,1,LHA,6.7496437737421555,7.769740303533706,3.8485287204254846,7.574793237523745,8.764721582218572,4.409404928397088,0.25430002667803747
158,3,1,LHA,19.62593354140003,23.728780374790354,13.337081791141008,22.7827617649885,28.919021939034547,17.811670226852378,0.3549554489383057
159,3,1,LHA,9.719984019878076,10.921348799115552,4.979735961399717,10.812091665183816,12.122039310485357,5.481104894874292,0.30676463236584545
160,3,1,LHA,8.198273276956398,10.076209602984477,5.858183612658377,8.981359359887247,10.317084624825435,5.077146758207324,0.2593327098637479
161,3,1,LHA,9.692890999240161,11.77541328915814,6.686420732150433,11.249416522110105,14.383769914128697,8.963451615012492,0.21236936855573632
162,3,1,LHA,5.245605129285226,5.996168777394205,2.9047662271882815,5.667093527837755,6.401695959699726,2.977542964790805,0.21147551370894258
163,3,1,LHA,6.7496437737421555,7.769740303533706,3.8485287204254846,7.574793237523745,8.764721582218572,4.409404928397088,0.21849527767131996
164,3,1,LHA,8.198273276956398,10.076209602984477,5.858183612658377,8.981359359887247,10.317084624825435,5.077146758207324,0.263751231998031
165,4,1,LHA,18.002428952060995,21.770234513423578,12.241554745842347,20.121606459707376,25.11816828051039,15.034737485194102,0.23763149790784083
166,4,1,LHA,5.603764420258262,6.470478412008391,3.234952117499457,6.194001498040404,7.064695097923999,3.3976848395495147,0.22969971962897143
167,4,1,LHA,6.358227518076993,7.800794044063911,4.519439184928976,6.9230813354346,8.138984290457737,4.279487130869179,0.20231731820160673
168,4,1,LHA,4.10316144075065,5.018960880907972,2.8903346718367375,4.230668729301793,4.99659242240975,2.658454050494477,0.186962854568733
169,4,1,LHA,4.808515877252348,5.9722370568823075,3.5420037439012284,5.038084740956936,6.029798858114472,3.313031302637433,0.18879930217602933
170,4,1,LHA,7.683407220170711,8.644994109033682,3.9624710262985716,8.486583740674092,9.52086295621157,4.315637594085938,0.2649694755753122
171,4,1,LHA,4.876688950602237,5.654276463886051,2.86159871560109,5.251277061869286,5.998355180684889,2.899026404352801,0.22758133292073207
172,4,1,LHA,17.248515580928416,20.51490269010467,11.106301933539067,19.142476087904143,21.51401255341729,9.819284361531395,0.22505729315072232
173,4,1,LHA,6.358227518076993,7.800794044063911,4.519439184928976,6.9230813354346,8.138984290457737,4.279487130869179,0.22775994531982646
174,4,1,LHA,9.586692472821165,11.709594094386015,6.723832336311922,10.552573011923846,12.04839647819711,5.814383933302738,0.20351054467980811
175,4,1,LHA,15.249460847382666,18.03147914020127,9.622275398659953,17.2644251035224,19.712773428101592,9.514886340494762,0.24462148826560892
176,4,1,LHA,15.630254923822482,18.792570018295685,10.433399202027536,18.653318688330888,23.209693368568875,13.81099446725527,0.2880233212465008
177,4,1,LHA,10.339838497296949,12.119313865906099,6.32182793424179,12.074747424154161,14.140007214905483,7.358007792905738,0.2786776870501142
178,4,1,LHA,6.358227518076993,7.800794044063911,4.519439184928976,6.9230813354346,8.138984290457737,4.279487130869179,0.21241018208607773
179,4,1,LHA,6.411730513911472,7.860277856728155,4.546831842277379,6.746063608468959,8.565868133565154,5.278704639598405,0.16654864108844566
180,4,1,LHA,8.019072967815443,9.740665257888036,5.529469088717165,8.888076835262375,10.30689105930723,5.2186294636522765,0.2107427859141911
181,4,1,LHA,7.440145388396568,8.908903895207985,4.900286237922566,8.72968118733845,10.644809513660292,6.091357480031999,0.22088863931220948
182,4,1,LHA,4.440769824612744,5.224035487682761,2.7513833141490425,4.702477497129287,5.442561068487698,2.7401051755745836,0.21747366114126268
183,4,1,LHA,6.358227518076993,7.800794044063911,4.519439184928976,6.9230813354346,8.138984290457737,4.279487130869179,0.21438870906276797
184,4,1,LHA,6.358227518076993,7.800794044063911,4.519439184928976,6.9230813354346,8.138984290457737,4.279487130869179,0.20937035768851758
185,4,1,LHA,6.358227518076993,7.800794044063911,4.519439184928976,6.9230813354346,8.138984290457737,4.279487130869179,0.23058252384550396
186,4,1,LHA,6.358227518076993,7.800794044063911,4.519439184928976,6.9230813354346,8.138984290457737,4.279487130869179,0.22603368084909303
187,4,1,LHA,5.245605129285226,5.996168777394205,2.9047662271882815,5.667093527837755,6.401695959699726,2.977542964790805,0.23864492746952623
188,4,1,LHA,9.692890999240161,11.77541328915814,6.686420732150433,11.249416522110105,14.383769914128697,8.963451615012492,0.22652538930396796
189,4,1,LHA,6.7496437737421555,7.769740303533706,3.8485287204254846,7.574793237523745,8.764721582218572,4.409404928397088,0.24796523126139597
190,4,1,LHA,9.299497325024623,10.642712258119511,5.175584383524936,10.697883435576294,12.265283854847977,5.999373137154981,0.28325053194693384
191,4,1,LHA,8.365329438563906,9.376733764617471,4.236083034692946,9.336381886511374,10.371995073608952,4.517771029632939,0.2773496605512012
192,4,1,LHA,8.198273276956398,10.076209602984477,5.858183612658377,8.981359359887247,10.317084624825435,5.077146758207324,0.23933849164636883
193,4,1,LHA,5.603764420258262,6.470478412008391,3.234952117499457,6.194001498040404,7.064695097923999,3.3976848395495147,0.23989064521733838
194,4,1,LHA,6.358227518076993,7.800794044063911,4.519439184928976,6.9230813354346,8.138984290457737,4.279487130869179,0.21527709241773166
195,4,1,LHA,4.10316144075065,5.018960880907972,2.8903346718367375,4.230668729301793,4.99659242240975,2.658454050494477,0.19101746340246534
196,4,1,LHA,4.808515877252348,5.9722370568823075,3.5420037439012284,5.038084740956936,6.029798858114472,3.313031302637433,0.1976942482541882
197,4,1,LHA,7.683407220170711,8.644994109033682,3.9624710262985716,8.486583740674092,9.52086295621157,4.315637594085938,0.2715718591716071
198,4,1,LHA,4.876688950602237,5.654276463886051,2.86159871560109,5.251277061869286,5.998355180684889,2.899026404352801,0.23588351047982775
199,4,1,LHA,6.358227518076993,7.800794044063911,4.519439184928976,6.9230813354346,8.138984290457737,4.279487130869179,0.1999273291839829
200,4,1,LHA,6.411730513911472,7.860277856728155,4.546831842277379,6.746063608468959,8.565868133565154,5.278704639598405,0.1434906276869342
201,4,1,LHA,4.808515877252348,5.9722370568823075,3.5420037439012284,5.038084740956936,6.029798858114472,3.313031302637433,0.1785525602243756
202,4,1,LHA,7.440145388396568,8.908903895207985,4.900286237922566,8.72968118733845,10.644809513660292,6.091357480031999,0.21196238702358383
203,4,1,LHA,4.440769824612744,5.224035487682761,2.7513833141490425,4.702477497129287,5.442561068487698,2.7401051755745836,0.20435509625040782
204,4,1,LHA,4.10316144075065,5.018960880907972,2.8903346718367375,4.230668729301793,4.99659242240975,2.658454050494477,0.19749769659021674
205,4,1,LHA,4.808515877252348,5.9722370568823075,3.5420037439012284,5.038084740956936,6.029798858114472,3.313031302637433,0.1951708306196383
206,4,1,LHA,6.358227518076993,7.800794044063911,4.519439184928976,6.9230813354346,8.138984290457737,4.279487130869179,0.21809967094340915
207,4,1,LHA,6.358227518076993,7.800794044063911,4.519439184928976,6.9230813354346,8.138984290457737,4.279487130869179,0.21355082794699826
208,4,1,LHA,4.10316144075065,5.018960880907972,2.8903346718367375,4.230668729301793,4.99659242240975,2.658454050494477,0.15634849047236415
209,4,1,LHA,4.10316144075065,5.018960880907972,2.8903346718367375,4.230668729301793,4.99659242240975,2.658454050494477,0.1810346189017473
210,4,1,LHA,4.10316144075065,5.018960880907972,2.8903346718367375,4.230668729301793,4.99659242240975,2.658454050494477,0.16926247952917006
211,4,1,LHA,4.808515877252348,5.9722370568823075,3.5420037439012284,5.038084740956936,6.029798858114472,3.313031302637433,0.19450195068663528
212,4,1,LHA,4.808515877252348,5.9722370568823075,3.5420037439012284,5.038084740956936,6.029798858114472,3.313031302637433,0.18672666922296352
213,4,1,LHA,4.876688950602237,5.654276463886051,2.86159871560109,5.251277061869286,5.998355180684889,2.899026404352801,0.22470002661194116
214,4,1,LHA,6.358227518076993,7.800794044063911,4.519439184928976,6.9230813354346,8.138984290457737,4.279487130869179,0.22536995630220263
215,4,1,LHA,6.411730513911472,7.860277856728155,4.546831842277379,6.746063608468959,8.565868133565154,5.278704639598405,0.16120542290838405
216,4,1,LHA,8.019072967815443,9.740665257888036,5.529469088717165,8.888076835262375,10.30689105930723,5.2186294636522765,0.22772489638840465
217,4,1,LHA,7.440145388396568,8.908903895207985,4.900286237922566,8.72968118733845,10.644809513660292,6.091357480031999,0.22071465725490685
218,4,1,LHA,4.440769824612744,5.224035487682761,2.7513833141490425,4.702477497129287,5.442561068487698,2.7401051755745836,0.22487950621999883
219,4,1,LHA,9.586692472821165,11.709594094386015,6.723832336311922,10.552573011923846,12.04839647819711,5.814383933302738,0.21577133585407615
220,4,1,LHA,15.249460847382666,18.03147914020127,9.622275398659953,17.2644251035224,19.712773428101592,9.514886340494762,0.21111678036412268
221,4,1,LHA,6.358227518076993,7.800794044063911,4.519439184928976,6.9230813354346,8.138984290457737,4.279487130869179,0.24354229806162886
222,4,1,LHA,6.358227518076993,7.800794044063911,4.519439184928976,6.9230813354346,8.138984290457737,4.279487130869179,0.23899345506521796
223,4,1,LHA,9.586692472821165,11.709594094386015,6.723832336311922,10.552573011923846,12.04839647819711,5.814383933302738,0.22517962327131963
224,4,1,LHA,9.692890999240161,11.77541328915814,6.686420732150433,11.249416522110105,14.383769914128697,8.963451615012492,0.2177142098209004
225,4,1,LHA,9.586692472821165,11.709594094386015,6.723832336311922,10.552573011923846,12.04839647819711,5.814383933302738,0.24419966104927487
226,4,1,LHA,15.249460847382666,18.03147914020127,9.622275398659953,17.2644251035224,19.712773428101592,9.514886340494762,0.29007129140895027
227,4,1,LHA,10.339838497296949,12.119313865906099,6.32182793424179,12.074747424154161,14.140007214905483,7.358007792905738,0.2844694172376853
228,4,1,LHA,8.198273276956398,10.076209602984477,5.858183612658377,8.981359359887247,10.317084624825435,5.077146758207324,0.2557191879532778
229,4,1,LHA,6.411730513911472,7.860277856728155,4.546831842277379,6.746063608468959,8.565868133565154,5.278704639598405,0.18420893965181306
230,4,1,LHA,6.358227518076993,7.800794044063911,4.519439184928976,6.9230813354346,8.138984290457737,4.279487130869179,0.20698036867089376
231,4,1,LHA,6.358227518076993,7.800794044063911,4.519439184928976,6.9230813354346,8.138984290457737,4.279487130869179,0.22819253482788013
232,4,1,LHA,6.358227518076993,7.800794044063911,4.519439184928976,6.9230813354346,8.138984290457737,4.279487130869179,0.2236436918314692
233,4,1,LHA,6.411730513911472,7.860277856728155,4.546831842277379,6.746063608468959,8.565868133565154,5.278704639598405,0.15543016239934576
234,4,1,LHA,6.411730513911472,7.860277856728155,4.546831842277379,6.746063608468959,8.565868133565154,5.278704639598405,0.16768705133715817
235,4,1,LHA,6.411730513911472,7.860277856728155,4.546831842277379,6.746063608468959,8.565868133565154,5.278704639598405,0.17208835398300473
236,4,1,LHA,7.440145388396568,8.908903895207985,4.900286237922566,8.72968118733845,10.644809513660292,6.091357480031999,0.21504810200899221
237,4,1,LHA,4.440769824612744,5.224035487682761,2.7513833141490425,4.702477497129287,5.442561068487698,2.7401051755745836,0.20262039256826767
238,4,1,LHA,7.440145388396568,8.908903895207985,4.900286237922566,8.72968118733845,10.644809513660292,6.091357480031999,0.21180383962925717
239,4,1,LHA,6.358227518076993,7.800794044063911,4.519439184928976,6.9230813354346,8.138984290457737,4.279487130869179,0.20895889564758402
240,4,1,LHA,6.358227518076993,7.800794044063911,4.519439184928976,6.9230813354346,8.138984290457737,4.279487130869179,0.2301710618045704
241,4,1,LHA,6.358227518076993,7.800794044063911,4.519439184928976,6.9230813354346,8.138984290457737,4.279487130869179,0.22562221880815947
242,4,1,LHA,6.358227518076993,7.800794044063911,4.519439184928976,6.9230813354346,8.138984290457737,4.279487130869179,0.22515271043032
243,4,1,LHA,6.358227518076993,7.800794044063911,4.519439184928976,6.9230813354346,8.138984290457737,4.279487130869179,0.22060386743390908
244,4,1,LHA,6.358227518076993,7.800794044063911,4.519439184928976,6.9230813354346,8.138984290457737,4.279487130869179,0.24181603359089548
245,4,1,LHA,9.692890999240161,11.77541328915814,6.686420732150433,11.249416522110105,14.383769914128697,8.963451615012492,0.22872034899198157
246,4,1,LHA,5.245605129285226,5.996168777394205,2.9047662271882815,5.667093527837755,6.401695959699726,2.977542964790805,0.2250034283003461
247,4,1,LHA,9.692890999240161,11.77541328915814,6.686420732150433,11.249416522110105,14.383769914128697,8.963451615012492,0.23401020601131217
248,4,1,LHA,8.198273276956398,10.076209602984477,5.858183612658377,8.981359359887247,10.317084624825435,5.077146758207324,0.24945916189033585
249,4,1,LHA,5.603764420258262,6.470478412008391,3.234952117499457,6.194001498040404,7.064695097923999,3.3976848395495147,0.23978001140860095
250,4,1,LHA,17.999485436601795,21.564100539783624,11.875561296522212,20.08533540258476,23.01312764620687,11.23313606373065,0.2317979968235907
251,4,1,LHA,4.10316144075065,5.018960880907972,2.8903346718367375,4.230668729301793,4.99659242240975,2.658454050494477,0.18496341048910347
252,4,1,LHA,4.808515877252348,5.9722370568823075,3.5420037439012284,5.038084740956936,6.029798858114472,3.313031302637433,0.19387978487700605
253,4,1,LHA,7.683407220170711,8.644994109033682,3.9624710262985716,8.486583740674092,9.52086295621157,4.315637594085938,0.26972801752105136
254,4,1,LHA,4.876688950602237,5.654276463886051,2.86159871560109,5.251277061869286,5.998355180684889,2.899026404352801,0.23443018497464768
255,4,1,LHA,5.603764420258262,6.470478412008391,3.234952117499457,6.194001498040404,7.064695097923999,3.3976848395495147,0.23541404717179829
256,4,1,LHA,6.411730513911472,7.860277856728155,4.546831842277379,6.746063608468959,8.565868133565154,5.278704639598405,0.13102753506572806
257,4,1,LHA,4.808515877252348,5.9722370568823075,3.5420037439012284,5.038084740956936,6.029798858114472,3.313031302637433,0.17473809684719344
258,4,1,LHA,7.440145388396568,8.908903895207985,4.900286237922566,8.72968118733845,10.644809513660292,6.091357480031999,0.2056534543751401
259,4,1,LHA,4.440769824612744,5.224035487682761,2.7513833141490425,4.702477497129287,5.442561068487698,2.7401051755745836,0.20208155588675458
260,4,1,LHA,4.10316144075065,5.018960880907972,2.8903346718367375,4.230668729301793,4.99659242240975,2.658454050494477,0.19144364367685487
261,4,1,LHA,4.808515877252348,5.9722370568823075,3.5420037439012284,5.038084740956936,6.029798858114472,3.313031302637433,0.19135636724245614
262,4,1,LHA,17.999485436601795,21.564100539783624,11.875561296522212,20.08533540258476,23.01312764620687,11.23313606373065,0.2604020782073306
263,4,1,LHA,4.876688950602237,5.654276463886051,2.86159871560109,5.251277061869286,5.998355180684889,2.899026404352801,0.23378115586234888
264,4,1,LHA,4.10316144075065,5.018960880907972,2.8903346718367375,4.230668729301793,4.99659242240975,2.658454050494477,0.1502944375590023
265,4,1,LHA,4.10316144075065,5.018960880907972,2.8903346718367375,4.230668729301793,4.99659242240975,2.658454050494477,0.17498056598838543
266,4,1,LHA,4.10316144075065,5.018960880907972,2.8903346718367375,4.230668729301793,4.99659242240975,2.658454050494477,0.1632084266158082
267,4,1,LHA,4.808515877252348,5.9722370568823075,3.5420037439012284,5.038084740956936,6.029798858114472,3.313031302637433,0.19068748730945312
268,4,1,LHA,4.808515877252348,5.9722370568823075,3.5420037439012284,5.038084740956936,6.029798858114472,3.313031302637433,0.18291220584578136
269,4,1,LHA,4.876688950602237,5.654276463886051,2.86159871560109,5.251277061869286,5.998355180684889,2.899026404352801,0.22324670110676104
270,4,1,LHA,17.248515580928416,20.51490269010467,11.106301933539067,19.142476087904143,21.51401255341729,9.819284361531395,0.23500306352855613
271,4,1,LHA,6.411730513911472,7.860277856728155,4.546831842277379,6.746063608468959,8.565868133565154,5.278704639598405,0.1487423302871779
272,4,1,LHA,8.019072967815443,9.740665257888036,5.529469088717165,8.888076835262375,10.30689105930723,5.2186294636522765,0.22625236136762922
273,4,1,LHA,7.440145388396568,8.908903895207985,4.900286237922566,8.72968118733845,10.644809513660292,6.091357480031999,0.21440572460646312
274,4,1,LHA,4.440769824612744,5.224035487682761,2.7513833141490425,4.702477497129287,5.442561068487698,2.7401051755745836,0.2226059658563456
275,4,1,LHA,9.586692472821165,11.709594094386015,6.723832336311922,10.552573011923846,12.04839647819711,5.814383933302738,0.20248229556394642
276,4,1,LHA,15.249460847382666,18.03147914020127,9.622275398659953,17.2644251035224,19.712773428101592,9.514886340494762,0.22694798199990218
277,4,1,LHA,15.630254923822482,18.792570018295685,10.433399202027536,18.653318688330888,23.209693368568875,13.81099446725527,0.30189283880436596
278,4,1,LHA,10.339838497296949,12.119313865906099,6.32182793424179,12.074747424154161,14.140007214905483,7.358007792905738,0.2813314601329406
279,4,1,LHA,9.586692472821165,11.709594094386015,6.723832336311922,10.552573011923846,12.04839647819711,5.814383933302738,0.2118905829811899
280,4,1,LHA,9.692890999240161,11.77541328915814,6.686420732150433,11.249416522110105,14.383769914128697,8.963451615012492,0.20666739344009974
281,4,1,LHA,9.586692472821165,11.709594094386015,6.723832336311922,10.552573011923846,12.04839647819711,5.814383933302738,0.23091062075914515
282,4,1,LHA,15.630254923822482,18.792570018295685,10.433399202027536,18.653318688330888,23.209693368568875,13.81099446725527,0.29190119435319306
283,4,1,LHA,8.365329438563906,9.376733764617471,4.236083034692946,9.336381886511374,10.371995073608952,4.517771029632939,0.2904192427854609
284,4,1,LHA,8.198273276956398,10.076209602984477,5.858183612658377,8.981359359887247,10.317084624825435,5.077146758207324,0.24709378860296272
285,4,1,LHA,6.411730513911472,7.860277856728155,4.546831842277379,6.746063608468959,8.565868133565154,5.278704639598405,0.1717458470306069
286,4,1,LHA,8.019072967815443,9.740665257888036,5.529469088717165,8.888076835262375,10.30689105930723,5.2186294636522765,0.2077565158185944
287,4,1,LHA,7.440145388396568,8.908903895207985,4.900286237922566,8.72968118733845,10.644809513660292,6.091357480031999,0.2308067883635062
288,4,1,LHA,4.440769824612744,5.224035487682761,2.7513833141490425,4.702477497129287,5.442561068487698,2.7401051755745836,0.22343855589916808
289,4,1,LHA,6.411730513911472,7.860277856728155,4.546831842277379,6.746063608468959,8.565868133565154,5.278704639598405,0.1429670697781396
290,4,1,LHA,6.411730513911472,7.860277856728155,4.546831842277379,6.746063608468959,8.565868133565154,5.278704639598405,0.15522395871595204
291,4,1,LHA,6.411730513911472,7.860277856728155,4.546831842277379,6.746063608468959,8.565868133565154,5.278704639598405,0.15962526136179858
292,4,1,LHA,7.440145388396568,8.908903895207985,4.900286237922566,8.72968118733845,10.644809513660292,6.091357480031999,0.20873916936054848
293,4,1,LHA,4.440769824612744,5.224035487682761,2.7513833141490425,4.702477497129287,5.442561068487698,2.7401051755745836,0.2003468522046144
294,4,1,LHA,7.440145388396568,8.908903895207985,4.900286237922566,8.72968118733845,10.644809513660292,6.091357480031999,0.20549490698081344
295,4,1,LHA,5.245605129285226,5.996168777394205,2.9047662271882815,5.667093527837755,6.401695959699726,2.977542964790805,0.24620964400872355
296,4,1,LHA,9.692890999240161,11.77541328915814,6.686420732150433,11.249416522110105,14.383769914128697,8.963451615012492,0.23664176474617787
297,4,1,LHA,6.7496437737421555,7.769740303533706,3.8485287204254846,7.574793237523745,8.764721582218572,4.409404928397088,0.2576201506771562
298,4,1,LHA,9.299497325024623,10.642712258119511,5.175584383524936,10.697883435576294,12.265283854847977,5.999373137154981,0.29131396078532446
299,4,1,LHA,8.365329438563906,9.376733764617471,4.236083034692946,9.336381886511374,10.371995073608952,4.517771029632939,0.28659610006131425
300,4,1,LHA,8.198273276956398,10.076209602984477,5.858183612658377,8.981359359887247,10.317084624825435,5.077146758207324,0.23751987093930843
301,4,1,LHA,9.692890999240161,11.77541328915814,6.686420732150433,11.249416522110105,14.383769914128697,8.963451615012492,0.2176735326111809
302,4,1,LHA,5.245605129285226,5.996168777394205,2.9047662271882815,5.667093527837755,6.401695959699726,2.977542964790805,0.22326788306752499
303,4,1,LHA,9.692890999240161,11.77541328915814,6.686420732150433,11.249416522110105,14.383769914128697,8.963451615012492,0.2229633896305115
304,4,1,LHA,8.198273276956398,10.076209602984477,5.858183612658377,8.981359359887247,10.317084624825435,5.077146758207324,0.24083376254002076
305,4,1,LHA,5.603764420258262,6.470478412008391,3.234952117499457,6.194001498040404,7.064695097923999,3.3976848395495147,0.2456049727601652
306,4,1,LHA,6.411730513911472,7.860277856728155,4.546831842277379,6.746063608468959,8.565868133565154,5.278704639598405,0.12568431688566647
307,4,1,LHA,4.808515877252348,5.9722370568823075,3.5420037439012284,5.038084740956936,6.029798858114472,3.313031302637433,0.18363304292535232
308,4,1,LHA,7.440145388396568,8.908903895207985,4.900286237922566,8.72968118733845,10.644809513660292,6.091357480031999,0.20547947231783742
309,4,1,LHA,4.440769824612744,5.224035487682761,2.7513833141490425,4.702477497129287,5.442561068487698,2.7401051755745836,0.20948740096549073
310,4,1,LHA,4.10316144075065,5.018960880907972,2.8903346718367375,4.230668729301793,4.99659242240975,2.658454050494477,0.19549825251058725
311,4,1,LHA,4.808515877252348,5.9722370568823075,3.5420037439012284,5.038084740956936,6.029798858114472,3.313031302637433,0.20025131332061502
312,4,1,LHA,7.683407220170711,8.644994109033682,3.9624710262985716,8.486583740674092,9.52086295621157,4.315637594085938,0.2817750496344582
313,4,1,LHA,4.876688950602237,5.654276463886051,2.86159871560109,5.251277061869286,5.998355180684889,2.899026404352801,0.24208333342144456
314,4,1,LHA,4.10316144075065,5.018960880907972,2.8903346718367375,4.230668729301793,4.99659242240975,2.658454050494477,0.15434904639273467
315,4,1,LHA,4.10316144075065,5.018960880907972,2.8903346718367375,4.230668729301793,4.99659242240975,2.658454050494477,0.1790351748221178
316,4,1,LHA,4.10316144075065,5.018960880907972,2.8903346718367375,4.230668729301793,4.99659242240975,2.658454050494477,0.16726303544954058
317,4,1,LHA,4.808515877252348,5.9722370568823075,3.5420037439012284,5.038084740956936,6.029798858114472,3.313031302637433,0.199582433387612
318,4,1,LHA,4.808515877252348,5.9722370568823075,3.5420037439012284,5.038084740956936,6.029798858114472,3.313031302637433,0.19180715192394024
319,4,1,LHA,4.876688950602237,5.654276463886051,2.86159871560109,5.251277061869286,5.998355180684889,2.899026404352801,0.23154887866585672
320,4,1,LHA,6.411730513911472,7.860277856728155,4.546831842277379,6.746063608468959,8.565868133565154,5.278704639598405,0.14868783362909546
321,4,1,LHA,4.808515877252348,5.9722370568823075,3.5420037439012284,5.038084740956936,6.029798858114472,3.313031302637433,0.18110962529080243
322,4,1,LHA,7.440145388396568,8.908903895207985,4.900286237922566,8.72968118733845,10.644809513660292,6.091357480031999,0.22188053607488056
323,4,1,LHA,4.440769824612744,5.224035487682761,2.7513833141490425,4.702477497129287,5.442561068487698,2.7401051755745836,0.2103199910083132
324,4,1,LHA,6.411730513911472,7.860277856728155,4.546831842277379,6.746063608468959,8.565868133565154,5.278704639598405,0.11990905637662816
325,4,1,LHA,6.411730513911472,7.860277856728155,4.546831842277379,6.746063608468959,8.565868133565154,5.278704639598405,0.1321659453144406
326,4,1,LHA,6.411730513911472,7.860277856728155,4.546831842277379,6.746063608468959,8.565868133565154,5.278704639598405,0.13656724796028713
327,4,1,LHA,4.808515877252348,5.9722370568823075,3.5420037439012284,5.038084740956936,6.029798858114472,3.313031302637433,0.1804407453577994
328,4,1,LHA,4.808515877252348,5.9722370568823075,3.5420037439012284,5.038084740956936,6.029798858114472,3.313031302637433,0.17266546389412762
329,4,1,LHA,7.440145388396568,8.908903895207985,4.900286237922566,8.72968118733845,10.644809513660292,6.091357480031999,0.1965686546921878
330,4,1,LHA,4.10316144075065,5.018960880907972,2.8903346718367375,4.230668729301793,4.99659242240975,2.658454050494477,0.16082927958048607
331,4,1,LHA,4.10316144075065,5.018960880907972,2.8903346718367375,4.230668729301793,4.99659242240975,2.658454050494477,0.1855154080098692
332,4,1,LHA,4.10316144075065,5.018960880907972,2.8903346718367375,4.230668729301793,4.99659242240975,2.658454050494477,0.17374326863729198
333,4,1,LHA,4.808515877252348,5.9722370568823075,3.5420037439012284,5.038084740956936,6.029798858114472,3.313031302637433,0.1970590157530621
334,4,1,LHA,4.808515877252348,5.9722370568823075,3.5420037439012284,5.038084740956936,6.029798858114472,3.313031302637433,0.18928373428939033
335,4,1,LHA,4.876688950602237,5.654276463886051,2.86159871560109,5.251277061869286,5.998355180684889,2.899026404352801,0.2308998495535579
336,4,1,LHA,4.10316144075065,5.018960880907972,2.8903346718367375,4.230668729301793,4.99659242240975,2.658454050494477,0.14436620189201663
337,4,1,LHA,4.10316144075065,5.018960880907972,2.8903346718367375,4.230668729301793,4.99659242240975,2.658454050494477,0.1325940625194394
338,4,1,LHA,4.10316144075065,5.018960880907972,2.8903346718367375,4.230668729301793,4.99659242240975,2.658454050494477,0.15728019094882253
339,4,1,LHA,4.808515877252348,5.9722370568823075,3.5420037439012284,5.038084740956936,6.029798858114472,3.313031302637433,0.18861485435638728
340,4,1,LHA,6.411730513911472,7.860277856728155,4.546831842277379,6.746063608468959,8.565868133565154,5.278704639598405,0.1664026288505453
341,4,1,LHA,8.019072967815443,9.740665257888036,5.529469088717165,8.888076835262375,10.30689105930723,5.2186294636522765,0.224738626292808
342,4,1,LHA,7.440145388396568,8.908903895207985,4.900286237922566,8.72968118733845,10.644809513660292,6.091357480031999,0.23063280630620359
343,4,1,LHA,4.440769824612744,5.224035487682761,2.7513833141490425,4.702477497129287,5.442561068487698,2.7401051755745836,0.23084440097790423
344,4,1,LHA,6.411730513911472,7.860277856728155,4.546831842277379,6.746063608468959,8.565868133565154,5.278704639598405,0.137623851598078
345,4,1,LHA,6.411730513911472,7.860277856728155,4.546831842277379,6.746063608468959,8.565868133565154,5.278704639598405,0.14988074053589043
346,4,1,LHA,6.411730513911472,7.860277856728155,4.546831842277379,6.746063608468959,8.565868133565154,5.278704639598405,0.15428204318173697
347,4,1,LHA,7.440145388396568,8.908903895207985,4.900286237922566,8.72968118733845,10.644809513660292,6.091357480031999,0.2085651873032458
348,4,1,LHA,4.440769824612744,5.224035487682761,2.7513833141490425,4.702477497129287,5.442561068487698,2.7401051755745836,0.20775269728335055
349,4,1,LHA,7.440145388396568,8.908903895207985,4.900286237922566,8.72968118733845,10.644809513660292,6.091357480031999,0.2053209249235108
350,4,1,LHA,9.586692472821165,11.709594094386015,6.723832336311922,10.552573011923846,12.04839647819711,5.814383933302738,0.22415137415545797
351,4,1,LHA,9.692890999240161,11.77541328915814,6.686420732150433,11.249416522110105,14.383769914128697,8.963451615012492,0.2278305852631103
352,4,1,LHA,9.586692472821165,11.709594094386015,6.723832336311922,10.552573011923846,12.04839647819711,5.814383933302738,0.2431714119334132
353,4,1,LHA,15.249460847382666,18.03147914020127,9.622275398659953,17.2644251035224,19.712773428101592,9.514886340494762,0.27239778514324353
354,4,1,LHA,15.249460847382666,18.03147914020127,9.622275398659953,17.2644251035224,19.712773428101592,9.514886340494762,0.2745296003888257
355,4,1,LHA,8.198273276956398,10.076209602984477,5.858183612658377,8.981359359887247,10.317084624825435,5.077146758207324,0.25390056724621735
356,4,1,LHA,9.692890999240161,11.77541328915814,6.686420732150433,11.249416522110105,14.383769914128697,8.963451615012492,0.20886235312811333
357,4,1,LHA,5.245605129285226,5.996168777394205,2.9047662271882815,5.667093527837755,6.401695959699726,2.977542964790805,0.2305510450080966
358,4,1,LHA,9.692890999240161,11.77541328915814,6.686420732150433,11.249416522110105,14.383769914128697,8.963451615012492,0.21415221014744393
359,4,1,LHA,8.198273276956398,10.076209602984477,5.858183612658377,8.981359359887247,10.317084624825435,5.077146758207324,0.25721445884692967
360,4,1,LHA,6.411730513911472,7.860277856728155,4.546831842277379,6.746063608468959,8.565868133565154,5.278704639598405,0.16062736834150698
361,4,1,LHA,6.411730513911472,7.860277856728155,4.546831842277379,6.746063608468959,8.565868133565154,5.278704639598405,0.17288425727931944
362,4,1,LHA,6.411730513911472,7.860277856728155,4.546831842277379,6.746063608468959,8.565868133565154,5.278704639598405,0.17728555992516598
363,4,1,LHA,7.440145388396568,8.908903895207985,4.900286237922566,8.72968118733845,10.644809513660292,6.091357480031999,0.2249662510602889
364,4,1,LHA,4.440769824612744,5.224035487682761,2.7513833141490425,4.702477497129287,5.442561068487698,2.7401051755745836,0.20858528732617304
365,4,1,LHA,4.440769824612744,5.224035487682761,2.7513833141490425,4.702477497129287,5.442561068487698,2.7401051755745836,0.21876619221979246
366,4,1,LHA,6.411730513911472,7.860277856728155,4.546831842277379,6.746063608468959,8.565868133565154,5.278704639598405,0.14410548002685214
367,4,1,LHA,6.411730513911472,7.860277856728155,4.546831842277379,6.746063608468959,8.565868133565154,5.278704639598405,0.14850678267269868
368,4,1,LHA,6.411730513911472,7.860277856728155,4.546831842277379,6.746063608468959,8.565868133565154,5.278704639598405,0.1607636716105111
369,4,1,LHA,4.440769824612744,5.224035487682761,2.7513833141490425,4.702477497129287,5.442561068487698,2.7401051755745836,0.19567448852523878
370,4,1,LHA,9.692890999240161,11.77541328915814,6.686420732150433,11.249416522110105,14.383769914128697,8.963451615012492,0.23883672443419146
371,4,1,LHA,5.245605129285226,5.996168777394205,2.9047662271882815,5.667093527837755,6.401695959699726,2.977542964790805,0.23256814483954347
372,4,1,LHA,6.7496437737421555,7.769740303533706,3.8485287204254846,7.574793237523745,8.764721582218572,4.409404928397088,0.24392726158319716
373,4,1,LHA,8.198273276956398,10.076209602984477,5.858183612658377,8.981359359887247,10.317084624825435,5.077146758207324,0.2476405411832754
374,4,1,LHA,5.245605129285226,5.996168777394205,2.9047662271882815,5.667093527837755,6.401695959699726,2.977542964790805,0.21665835028213482
375,5,1,LHA,17.248515580928416,20.51490269010467,11.106301933539067,19.142476087904143,21.51401255341729,9.819284361531395,0.23214173910487043
376,5,1,LHA,6.358227518076993,7.800794044063911,4.519439184928976,6.9230813354346,8.138984290457737,4.279487130869179,0.21415127770557948
377,5,1,LHA,9.586692472821165,11.709594094386015,6.723832336311922,10.552573011923846,12.04839647819711,5.814383933302738,0.19573335574465436
378,5,1,LHA,4.808515877252348,5.9722370568823075,3.5420037439012284,5.038084740956936,6.029798858114472,3.313031302637433,0.20189657740392025
379,5,1,LHA,18.002428952060995,21.770234513423578,12.241554745842347,20.121606459707376,25.11816828051039,15.034737485194102,0.2618496912306427
380,5,1,LHA,4.876688950602237,5.654276463886051,2.86159871560109,5.251277061869286,5.998355180684889,2.899026404352801,0.2387283723930687
381,5,1,LHA,6.358227518076993,7.800794044063911,4.519439184928976,6.9230813354346,8.138984290457737,4.279487130869179,0.20187146711858048
382,5,1,LHA,6.411730513911472,7.860277856728155,4.546831842277379,6.746063608468959,8.565868133565154,5.278704639598405,0.15365244508173373
383,5,1,LHA,4.808515877252348,5.9722370568823075,3.5420037439012284,5.038084740956936,6.029798858114472,3.313031302637433,0.18658322698007018
384,5,1,LHA,7.440145388396568,8.908903895207985,4.900286237922566,8.72968118733845,10.644809513660292,6.091357480031999,0.22101039615787302
385,5,1,LHA,4.440769824612744,5.224035487682761,2.7513833141490425,4.702477497129287,5.442561068487698,2.7401051755745836,0.21261859197711291
386,5,1,LHA,4.10316144075065,5.018960880907972,2.8903346718367375,4.230668729301793,4.99659242240975,2.658454050494477,0.2021966822801376
387,5,1,LHA,6.358227518076993,7.800794044063911,4.519439184928976,6.9230813354346,8.138984290457737,4.279487130869179,0.19943960760053242
388,5,1,LHA,6.358227518076993,7.800794044063911,4.519439184928976,6.9230813354346,8.138984290457737,4.279487130869179,0.2164093405261215
389,5,1,LHA,6.358227518076993,7.800794044063911,4.519439184928976,6.9230813354346,8.138984290457737,4.279487130869179,0.2127702661289928
390,5,1,LHA,4.10316144075065,5.018960880907972,2.8903346718367375,4.230668729301793,4.99659242240975,2.658454050494477,0.16927731738585555
391,5,1,LHA,4.10316144075065,5.018960880907972,2.8903346718367375,4.230668729301793,4.99659242240975,2.658454050494477,0.18902622012936204
392,5,1,LHA,4.10316144075065,5.018960880907972,2.8903346718367375,4.230668729301793,4.99659242240975,2.658454050494477,0.17960850863130026
393,5,1,LHA,4.808515877252348,5.9722370568823075,3.5420037439012284,5.038084740956936,6.029798858114472,3.313031302637433,0.19934273934987792
394,5,1,LHA,4.808515877252348,5.9722370568823075,3.5420037439012284,5.038084740956936,6.029798858114472,3.313031302637433,0.1931225141789405
395,5,1,LHA,8.198273276956398,10.076209602984477,5.858183612658377,8.981359359887247,10.317084624825435,5.077146758207324,0.22124416482411596
396,5,1,LHA,6.358227518076993,7.800794044063911,4.519439184928976,6.9230813354346,8.138984290457737,4.279487130869179,0.2222255688131563
397,5,1,LHA,6.411730513911472,7.860277856728155,4.546831842277379,6.746063608468959,8.565868133565154,5.278704639598405,0.1678242812588936
398,5,1,LHA,8.019072967815443,9.740665257888036,5.529469088717165,8.888076835262375,10.30689105930723,5.2186294636522765,0.22212644955138874
399,5,1,LHA,7.440145388396568,8.908903895207985,4.900286237922566,8.72968118733845,10.644809513660292,6.091357480031999,0.22801221234293143
400,5,1,LHA,4.440769824612744,5.224035487682761,2.7513833141490425,4.702477497129287,5.442561068487698,2.7401051755745836,0.22903811995278572
401,5,1,LHA,9.586692472821165,11.709594094386015,6.723832336311922,10.552573011923846,12.04839647819711,5.814383933302738,0.20242927950053163
402,5,1,LHA,15.249460847382666,18.03147914020127,9.622275398659953,17.2644251035224,19.712773428101592,9.514886340494762,0.20913400516703645
403,5,1,LHA,6.358227518076993,7.800794044063911,4.519439184928976,6.9230813354346,8.138984290457737,4.279487130869179,0.2367634422206973
404,5,1,LHA,6.358227518076993,7.800794044063911,4.519439184928976,6.9230813354346,8.138984290457737,4.279487130869179,0.23312436782356855
405,5,1,LHA,9.586692472821165,11.709594094386015,6.723832336311922,10.552573011923846,12.04839647819711,5.814383933302738,0.20995590943432646
406,5,1,LHA,9.692890999240161,11.77541328915814,6.686420732150433,11.249416522110105,14.383769914128697,8.963451615012492,0.22088857281222324
407,5,1,LHA,9.586692472821165,11.709594094386015,6.723832336311922,10.552573011923846,12.04839647819711,5.814383933302738,0.2251719396566906
408,5,1,LHA,15.249460847382666,18.03147914020127,9.622275398659953,17.2644251035224,19.712773428101592,9.514886340494762,0.2722976140028986
409,5,1,LHA,15.249460847382666,18.03147914020127,9.622275398659953,17.2644251035224,19.712773428101592,9.514886340494762,0.27400306619936426
410,5,1,LHA,8.198273276956398,10.076209602984477,5.858183612658377,8.981359359887247,10.317084624825435,5.077146758207324,0.23899162119582024
411,5,1,LHA,6.411730513911472,7.860277856728155,4.546831842277379,6.746063608468959,8.565868133565154,5.278704639598405,0.1862270946536368
412,5,1,LHA,8.019072967815443,9.740665257888036,5.529469088717165,8.888076835262375,10.30689105930723,5.2186294636522765,0.2073297731121609
413,5,1,LHA,6.358227518076993,7.800794044063911,4.519439184928976,6.9230813354346,8.138984290457737,4.279487130869179,0.2244836316336983
414,5,1,LHA,6.358227518076993,7.800794044063911,4.519439184928976,6.9230813354346,8.138984290457737,4.279487130869179,0.2208445572365696
415,5,1,LHA,6.411730513911472,7.860277856728155,4.546831842277379,6.746063608468959,8.565868133565154,5.278704639598405,0.16320407285166297
416,5,1,LHA,6.411730513911472,7.860277856728155,4.546831842277379,6.746063608468959,8.565868133565154,5.278704639598405,0.17300958400191288
417,5,1,LHA,6.411730513911472,7.860277856728155,4.546831842277379,6.746063608468959,8.565868133565154,5.278704639598405,0.17653062611859013
418,5,1,LHA,7.440145388396568,8.908903895207985,4.900286237922566,8.72968118733845,10.644809513660292,6.091357480031999,0.22347896814619972
419,5,1,LHA,4.440769824612744,5.224035487682761,2.7513833141490425,4.702477497129287,5.442561068487698,2.7401051755745836,0.2112308290314008
420,5,1,LHA,4.440769824612744,5.224035487682761,2.7513833141490425,4.702477497129287,5.442561068487698,2.7401051755745836,0.21937555294629632
421,5,1,LHA,6.358227518076993,7.800794044063911,4.519439184928976,6.9230813354346,8.138984290457737,4.279487130869179,0.2090967202894614
422,5,1,LHA,6.358227518076993,7.800794044063911,4.519439184928976,6.9230813354346,8.138984290457737,4.279487130869179,0.22606645321505053
423,5,1,LHA,6.358227518076993,7.800794044063911,4.519439184928976,6.9230813354346,8.138984290457737,4.279487130869179,0.22242737881792177
424,5,1,LHA,6.358227518076993,7.800794044063911,4.519439184928976,6.9230813354346,8.138984290457737,4.279487130869179,0.22205177211565016
425,5,1,LHA,6.358227518076993,7.800794044063911,4.519439184928976,6.9230813354346,8.138984290457737,4.279487130869179,0.21841269771852145
426,5,1,LHA,8.198273276956398,10.076209602984477,5.858183612658377,8.981359359887247,10.317084624825435,5.077146758207324,0.2313324870648968
427,5,1,LHA,9.692890999240161,11.77541328915814,6.686420732150433,11.249416522110105,14.383769914128697,8.963451615012492,0.22969348414908816
428,5,1,LHA,5.245605129285226,5.996168777394205,2.9047662271882815,5.667093527837755,6.401695959699726,2.977542964790805,0.2317317408689313
429,5,1,LHA,9.692890999240161,11.77541328915814,6.686420732150433,11.249416522110105,14.383769914128697,8.963451615012492,0.23392536976455264
430,5,1,LHA,8.198273276956398,10.076209602984477,5.858183612658377,8.981359359887247,10.317084624825435,5.077146758207324,0.23398360034546667
431,5,1,LHA,6.358227518076993,7.800794044063911,4.519439184928976,6.9230813354346,8.138984290457737,4.279487130869179,0.21223928649148044
432,5,1,LHA,6.411730513911472,7.860277856728155,4.546831842277379,6.746063608468959,8.565868133565154,5.278704639598405,0.14937787053768442
433,5,1,LHA,4.808515877252348,5.9722370568823075,3.5420037439012284,5.038084740956936,6.029798858114472,3.313031302637433,0.19369918384259727
434,5,1,LHA,7.440145388396568,8.908903895207985,4.900286237922566,8.72968118733845,10.644809513660292,6.091357480031999,0.2208712105120309
435,5,1,LHA,4.440769824612744,5.224035487682761,2.7513833141490425,4.702477497129287,5.442561068487698,2.7401051755745836,0.21854326804010188
436,5,1,LHA,4.10316144075065,5.018960880907972,2.8903346718367375,4.230668729301793,4.99659242240975,2.658454050494477,0.20544036934712348
437,5,1,LHA,4.808515877252348,5.9722370568823075,3.5420037439012284,5.038084740956936,6.029798858114472,3.313031302637433,0.20699380015880742
438,5,1,LHA,6.358227518076993,7.800794044063911,4.519439184928976,6.9230813354346,8.138984290457737,4.279487130869179,0.22677715989902145
439,5,1,LHA,6.358227518076993,7.800794044063911,4.519439184928976,6.9230813354346,8.138984290457737,4.279487130869179,0.22313808550189274
440,5,1,LHA,4.10316144075065,5.018960880907972,2.8903346718367375,4.230668729301793,4.99659242240975,2.658454050494477,0.1725210044528414
441,5,1,LHA,4.10316144075065,5.018960880907972,2.8903346718367375,4.230668729301793,4.99659242240975,2.658454050494477,0.19226990719634793
442,5,1,LHA,4.10316144075065,5.018960880907972,2.8903346718367375,4.230668729301793,4.99659242240975,2.658454050494477,0.18285219569828615
443,5,1,LHA,4.808515877252348,5.9722370568823075,3.5420037439012284,5.038084740956936,6.029798858114472,3.313031302637433,0.206458696212405
444,5,1,LHA,4.808515877252348,5.9722370568823075,3.5420037439012284,5.038084740956936,6.029798858114472,3.313031302637433,0.20023847104146758
445,5,1,LHA,8.198273276956398,10.076209602984477,5.858183612658377,8.981359359887247,10.317084624825435,5.077146758207324,0.23434872186964312
446,5,1,LHA,6.411730513911472,7.860277856728155,4.546831842277379,6.746063608468959,8.565868133565154,5.278704639598405,0.16778068393242765
447,5,1,LHA,4.808515877252348,5.9722370568823075,3.5420037439012284,5.038084740956936,6.029798858114472,3.313031302637433,0.19168044973495735
448,5,1,LHA,6.358227518076993,7.800794044063911,4.519439184928976,6.9230813354346,8.138984290457737,4.279487130869179,0.21449734931202244
449,5,1,LHA,6.358227518076993,7.800794044063911,4.519439184928976,6.9230813354346,8.138984290457737,4.279487130869179,0.21085827491489373
450,5,1,LHA,6.411730513911472,7.860277856728155,4.546831842277379,6.746063608468959,8.565868133565154,5.278704639598405,0.14475766213045377
451,5,1,LHA,6.411730513911472,7.860277856728155,4.546831842277379,6.746063608468959,8.565868133565154,5.278704639598405,0.15456317328070374
452,5,1,LHA,6.411730513911472,7.860277856728155,4.546831842277379,6.746063608468959,8.565868133565154,5.278704639598405,0.158084215397381
453,5,1,LHA,4.808515877252348,5.9722370568823075,3.5420037439012284,5.038084740956936,6.029798858114472,3.313031302637433,0.19114534578855494
454,5,1,LHA,4.808515877252348,5.9722370568823075,3.5420037439012284,5.038084740956936,6.029798858114472,3.313031302637433,0.1849251206176175
455,5,1,LHA,4.440769824612744,5.224035487682761,2.7513833141490425,4.702477497129287,5.442561068487698,2.7401051755745836,0.2088807010336124
456,5,1,LHA,4.10316144075065,5.018960880907972,2.8903346718367375,4.230668729301793,4.99659242240975,2.658454050494477,0.17770519100304255
457,5,1,LHA,4.10316144075065,5.018960880907972,2.8903346718367375,4.230668729301793,4.99659242240975,2.658454050494477,0.19745409374654904
458,5,1,LHA,4.10316144075065,5.018960880907972,2.8903346718367375,4.230668729301793,4.99659242240975,2.658454050494477,0.18803638224848726
459,5,1,LHA,4.808515877252348,5.9722370568823075,3.5420037439012284,5.038084740956936,6.029798858114472,3.313031302637433,0.2044399621047651
460,5,1,LHA,4.808515877252348,5.9722370568823075,3.5420037439012284,5.038084740956936,6.029798858114472,3.313031302637433,0.1982197369338277
461,5,1,LHA,6.358227518076993,7.800794044063911,4.519439184928976,6.9230813354346,8.138984290457737,4.279487130869179,0.2253961483224347
462,5,1,LHA,4.10316144075065,5.018960880907972,2.8903346718367375,4.230668729301793,4.99659242240975,2.658454050494477,0.164534728852267
463,5,1,LHA,4.10316144075065,5.018960880907972,2.8903346718367375,4.230668729301793,4.99659242240975,2.658454050494477,0.1551170173542052
464,5,1,LHA,4.10316144075065,5.018960880907972,2.8903346718367375,4.230668729301793,4.99659242240975,2.658454050494477,0.1748659200977117
465,5,1,LHA,4.808515877252348,5.9722370568823075,3.5420037439012284,5.038084740956936,6.029798858114472,3.313031302637433,0.19768463298742528
466,5,1,LHA,6.411730513911472,7.860277856728155,4.546831842277379,6.746063608468959,8.565868133565154,5.278704639598405,0.1819525201095875
467,5,1,LHA,6.358227518076993,7.800794044063911,4.519439184928976,6.9230813354346,8.138984290457737,4.279487130869179,0.21788171808100915
468,5,1,LHA,6.358227518076993,7.800794044063911,4.519439184928976,6.9230813354346,8.138984290457737,4.279487130869179,0.2348514510065982
